123649689
77673276
145550466
73114678
211225065
89945143
125209822
144231765
198500101
914824537
370910619
872099373
466070423
140039861
286526800
103910993
457918048
136447095
135294049
103256775
72087077
191366655
120458802
71665458
102379468
85367644
265870640
203851397
92601861
106921693
135588852
217807147
134276083
117494750
101812758
111065730
127502376
269047240
171531554
83546110
118790262
320252024
250323617
282993686
108221389
109616382
167976729
131596526
150010760
179544498
1033003007
93036936
167447788
165564598
103940975
21538082
382407968
90823233
129858884
116934015
118559150
96189126
249835593
872008996
25907144
356787210
258422517
241519559
118402697
180720682
355806151
103126502
197733836
412413765
150229924
29109971
355897656
248421540
363068874
113760908
138093604
127565532
98961223
333351042
177203952
295259673
175350492
85312703
396672518
137841077
155792278
143964779
105615312
76166228
169025618
373830957
94296097
224301719
86818655
103994984
20024510
136829091
110448679
94738847
108171505
352545711
844276618
207916561
1044384376
866693653
29241819
98082925
21582436
1112514564
191362875
90695152
101460882
361328741
130986269
28882920
33248812
307961608
183719386
119315361
103039499
136421659
53463892
95103487
122530690
464830343
110654666
91460772
165178538
1022767982
64825726
140480308
115082214
142689547
129193289
145629222
147007035
136835959
88470
10443491
125707834
443952466
84745087
87061917
141319228
55586690
172099728
130631060
88826062
104242598
86692726
100594231
1032417559
335868566
188923317
122364924
128656066
254710104
129470246
234076565
340656214
119089588
230580807
131127586
160411407
1226548979
126891001
874542740
264609604
110305058
119943951
141190831
129748056
835179584
858106446
81475303
198145262
118073569
439345730
125026052
108251514
117089283
993824087
375507918
43851499
155162307
313648020
1038551322
353710078
275845466
192120253
219755398
214019321
353424606
119576842
136791716
