127417877
123998019
42791648
169941622
144163569
101838561
212221263
108646793
212504023
92353988
189897830
194688686
448857477
133389903
151690151
161316256
281064050
432577895
179701626
89121701
191460218
1060164724
169375107
137874847
112739676
140589183
110009109
132264254
100879833
60556363
179019199
93862343
160166066
123943997
202607452
168108415
139780272
87023478
221774382
185105480
481325747
100400484
142165155
893401964
145562323
139972296
258248991
122107541
59722385
443100034
39574860
311681520
139091967
358992778
402285018
100780252
296147008
87260739
142193425
113776585
122797794
295792897
352545711
277909210
69256187
173733131
118134220
186754791
95692219
127251603
20089961
135839064
49657007
72773250
66749407
91411985
137975112
58806511
113462119
343102929
184348445
124921149
860599679
131233840
277576854
133155594
476826372
204309904
169106320
404964466
200544648
330978669
199993618
145083226
839007336
154692106
243463571
415547547
329084011
107757716
172234922
81965839
248267080
836723162
80842210
111006206
107531232
344143907
389137239
1032906481
227951626
318710781
117616146
201525048
116353436
143647827
331999484
93365814
320757560
147371897
160708663
76630156
211037649
137041029
118512721
190340210
11423388
178007891
212841818
26852332
188404958
103796052
139132534
155123686
127155341
859407286
88780701
158779988
102015648
493967542
150249570
87474598
146520
375991147
138714022
102958268
92589946
224679282
340106892
133101611
116856432
392565237
287348378
123491289
173359552
238578937
230699957
194219982
76525596
392207544
83515709
115487403
146972636
123958218
348815181
129604196
7563355
416313943
121413868
190150256
352070234
119278669
181347952
206073704
154594261
99733030
158447617
141818388
907589158
23094767
319069506
93839894
151440343
191701229
232644601
156850002
92093621
134812046
56815364
318473795
84285259
277802098
342670061
7568592
867432347
208592614
355172539
154336554
92405725
86300851
86738494
191734430
201947021
112658759
46774393
118790872
109426831
102191684
108992912
122577353
100772875
165342709
470176278
143088305
208350234
138704263
129887455
176019821
86818489
138410268
295745835
163685680
179432224
117089283
211734895
136535226
125953538
1019206473
301503863
104315328
96264744
35817716
257945712
98206822
277431974
322916667
159267555
397378728
111750003
119353390
180097906
180970687
87062569
294812561
351805111
194854201
134647793
1157603350
125552307
193281713
282790930
158455888
170691175
1110870011
156590692
127970508
283228516
124678528
83514255
112224908
220965807
11767812
338299247
161440913
193476357
86949911
116951316
89598554
179464715
146231634
174521520
182351903
369836656
195810775
198127202
28955131
84444258
189237834
176720683
267288896
82869840
213554581
141155029
878368518
90590725
327506628
175101711
56778350
316768320
852996497
101380832
230688419
136310517
85278404
970314312
128111783
167434748
36573846
297322260
40146942
184915506
233933867
113476300
115403947
146023745
145065875
12069075
86857938
171687621
127557145
50388025
854198784
154419746
152831354
197169033
149283035
1063265835
100311765
173488421
391638749
146729566
66840011
155510547
149809719
118656519
852945140
192262321
89650713
75555857
67029306
113723487
255554057
197197042
172494560
88221121
157043453
421130345
147106017
189095532
110605987
130671858
194531012
389033587
849572558
31329933
1052985826
149671566
167459915
362617519
76820084
123740052
123454339
160553221
121940463
176264690
330186580
375312634
121486706
150070196
5207353
138207628
450274524
213545739
53852984
147441640
183930421
92990580
156481546
168600115
154824671
202279913
135948890
875705055
110951896
295498862
163313946
399817181
1013848690
475150559
77578916
146050526
111622070
996588936
202612285
934198190
84285865
326382493
74109228
237700986
300043426
47973638
129548719
119292159
38643999
321522981
194604531
98064684
104614661
151485231
302744790
136081455
102033295
870429246
199605360
378626235
249184096
83551067
147488585
76060125
97321333
134711350
336548500
112625072
258275977
375205755
92021674
372426161
245019600
134648436
231905678
373050678
152176484
206081925
114890653
309760628
95845153
186637294
118771785
196607007
92078427
119662673
362484037
181171044
82096620
133376740
431022256
96752645
45746531
54214079
125022153
104629679
330250314
84261602
84565897
157164782
212395935
136224203
90373262
133558180
14021256
175855650
359605387
52938645
136062226
114875982
120784701
897430959
257905897
288734252
86759987
479399033
149704938
147137865
153093512
88826432
1104186556
40625516
103555153
108309594
234426858
103126502
135092474
109758944
448230057
149657565
154205596
168524865
179220115
396276068
58994446
168765226
290892060
103004675
167153649
315979288
101240880
46955685
341934394
170546297
852515634
349651709
210566701
247155949
92601832
345081948
174219072
39845906
146484610
150782679
399919749
92296244
400187009
60140615
171242394
176516783
128363431
118744715
185438531
145693388
99002170
139812726
131303779
71768708
214457654
471080075
67172659
78839243
901409210
429174388
157192604
31169439
183602223
270143900
121542771
121922340
95541325
225159059
209186051
158635433
85945918
199535174
4531584
294950100
389587825
153853102
136934305
905652606
193639839
52192218
101730908
987183590
129771155
220963882
208283951
100516471
192100513
345846021
22199396
323105234
307611137
896442322
139710128
210770271
75779367
386640251
490196464
257054047
96939682
43367895
179349453
145550466
199568981
110412761
51973692
81715913
418577460
92673082
23434209
137955145
402776006
79226403
389022189
87984549
300163188
101332334
115400512
233651126
400096905
117250099
369869812
255843468
56783619
436202716
352515534
150871124
120744484
295481413
142440109
129987423
128880538
934939848
97526045
68633098
151044715
110448679
217021090
102594671
176632
165663656
187655758
75189467
114491421
214577509
465797798
136102050
185482945
1072457408
29522246
300392063
88936127
136565867
269941200
879558482
84873276
90291375
125847953
340743068
77403450
325688556
162819595
140822539
241404257
255787643
3292479
212688567
104559585
108763173
234282357
104839786
328802865
171277702
199691117
69074950
133957157
302846321
118815680
279460864
131698013
124841419
918919437
131994403
131554436
127838733
184790049
78990023
929647670
157094385
211609413
150960369
185225774
315983049
100988421
112939607
99261531
96851907
246334051
111720832
356707176
163947088
315083183
95571360
116506381
95804890
308788321
119937880
446774589
204254686
118034716
273569424
88875452
158772679
113895248
862367699
49444397
169913618
320223850
106525340
155166440
66607447
148175795
323649897
122742092
401236446
139841859
284531904
186580415
428546169
133498189
156996462
101752409
144403124
367774696
1087344119
103818423
66095501
150696623
147767183
894531575
115411093
118503077
80639558
145603453
327257657
387472549
257534376
75154578
380721579
144553868
889249099
851761000
146582953
44460801
1103442236
35924628
197038776
399591707
37969785
108593613
206456967
474986719
107837124
102786502
142581620
159228781
127190376
205640554
87979615
389416109
101227402
168839200
117311875
1029792987
108186933
369998324
21853297
130801556
144432101
439313185
415185178
161391071
123065712
138237476
450318285
96636042
302898003
131287379
101756505
106346630
217407238
75911200
91757263
117352892
107340984
168308654
999961232
171396830
129436480
86772721
449994428
142159965
113966582
136671035
385463131
336289361
32578330
66546996
86724433
101935854
94281932
197108428
96432332
99747231
179975883
133496390
108999289
106279103
135414943
354557024
378579710
318841515
112804873
377498535
123720262
76904792
163904646
190336767
103767226
388885885
99206345
33634936
123853905
170188581
366876046
23933386
197195843
204557453
246575817
182273200
234823234
168902400
220237875
133404376
29923804
152867636
60197416
135828400
879382676
195679178
858106446
182874067
141620280
187988532
86953414
158409809
239917774
48303036
350338823
93248252
850841223
1209527870
289674586
433946884
250833848
109839533
192881331
126345696
27712864
136765482
1253318204
133905722
130342525
460250339
103778273
103406935
157369798
141023213
414342398
422005264
77555995
114267542
248075133
121348066
129540591
389036317
71693003
316896878
147208040
157536646
317880638
160672167
193837879
472467330
248052763
356208566
5476530
184329381
130599954
874641065
116408550
119625044
86914989
102031777
104175999
203770109
140510476
176603582
79529996
1012137852
122243787
303132837
306388937
135068997
46500397
248417161
410937670
101578733
888811535
65944914
124034624
50576717
120320539
400917980
49715844
328919933
200483292
113484047
135243187
197362522
198316001
115787026
897570105
87188755
151071518
845535103
67866390
429108711
218625033
191254067
101071453
194445523
196490133
113002616
120036575
164085971
48594480
313789008
125736263
218692483
98335511
72442417
118078153
232902065
118467655
151644168
204474463
1166310793
115172714
180078930
170667236
150144376
67045490
288248514
307267026
155162307
135908537
173378206
113711108
136118864
205041453
187084352
357858514
174394307
427046564
432917502
177000139
273707676
104463544
143606056
164555798
235061817
134335397
216990271
132574778
313704232
203238988
181351015
36944971
126216216
120795961
175987573
236606455
189346598
403389323
375507918
185341616
216130189
137259450
170595184
27356461
202656952
97779844
109935528
239665791
198105906
86809678
173663075
129257134
106262423
334076907
348629151
141508687
134905278
86855107
214681269
172332193
211964329
353493291
158426942
115256056
125861153
425104439
355996005
134912777
364989345
290074386
199910651
424157406
197849259
103108375
89759793
248385996
102823303
110281086
126134854
73555099
133068311
393486916
37840045
145126000
303582433
99036634
193552988
10286504
33352784
117779240
116438846
101765399
103354834
88470
18180970
208929360
11550182
332116408
179655918
358586123
191353638
46959348
122266703
53063895
121514552
100642937
869709563
80463637
298180081
135006539
108566214
174246225
127306184
102712269
469184999
104031208
368484493
196689243
251716405
1035987388
843546818
148928330
900231878
221106259
107315458
118763528
1177966755
148406045
171531554
143103198
894744356
325551767
397105370
919228641
211784463
293864897
192777666
347391519
100502713
314211574
133237237
171382545
136342310
205898230
174788237
139510517
398140173
838601885
89140271
299463872
84853828
22696119
188818613
12194326
224244813
45576982
21393231
118051209
339814400
268546384
190167591
112562523
144636506
399690480
168030231
148686048
133022112
126168494
134506419
223948727
93591006
314735535
317037988
185580290
59630359
850931996
135739348
320320213
377486050
93730524
154963597
184399360
115273711
85423497
228896077
247232167
169990386
46015349
112943574
955109178
177972418
39856952
355277853
149922807
127295348
108602114
205849935
151112645
470530388
363068874
101530722
351621263
108554592
162452626
85631666
358965788
114657505
112426916
284780604
453401818
393426195
136543776
85956459
318248327
63301962
101780292
114699233
92438317
116928033
94380323
376665091
104002687
55691888
71869498
319792365
167115681
216290479
176724887
52567955
171373932
419996175
403094841
354618808
192094973
220802037
26670255
68977929
234234227
205599508
327449067
132096758
307669790
116872643
116861521
174460759
117602394
62533910
185753278
106776051
28882920
133591092
132155688
166616674
372801387
245008192
55760516
178224634
412858103
461882486
34692251
858781190
239404862
136265111
86884119
112578751
144550581
120561922
146214528
197570716
320259787
383119214
107373246
179406230
176425791
51843789
145794350
186837494
181772319
313352773
228717817
175365382
30379569
154288989
139651572
122575358
91703580
388000305
191362875
321356197
135875463
403059169
203795426
204711496
121457308
386737499
45357121
349183777
192457985
311903120
185512564
102091045
209009688
171686262
124142150
128029398
100465695
450428446
140871047
134665609
210452475
216211051
37772487
126744130
351384651
1100679771
138707285
145943618
411004558
363871826
156029808
158951630
113435203
186891690
851600565
193099830
447416584
194066761
471081548
333481492
357628684
321999770
100028707
102248237
322549184
140742066
912418652
110179766
234524600
218663318
163869379
260283639
152962063
40514584
177184482
38499879
235247966
298780449
240456331
93456258
242557408
134837721
1037910987
321960792
122750144
131312474
155349393
108221389
150714895
90523702
366245578
114014192
81794975
170741396
158087871
328647990
184894423
121311341
94174503
314375541
392780631
317908518
126968895
87040320
206151958
134624566
214581979
60137165
75554965
164025609
347586400
841140865
1044163752
100655803
83235706
180884702
174899244
307488557
413389695
188217920
339346240
41930693
137634631
85096145
128290825
142438398
124711596
99360853
835573461
92287249
64025082
142333365
140251702
407177609
311866251
177403993
134569213
415210406
90883490
876718495
355866720
22322153
435379607
90802844
355062426
104758571
107931805
67200576
243905493
75465903
447235576
349726658
126398484
33452693
444094904
142730256
204984636
255365789
330224398
198537961
159089369
168453899
861721580
183655036
113609656
146153513
121911090
166803464
1108422748
122069145
173424834
128771383
140334955
149287880
137808489
271675472
889293611
184888058
954267596
900087020
97505878
281851328
135589738
176999191
258934809
192296276
37121232
86150590
100622815
350733398
40547474
153560494
307919383
381809077
141736417
321580662
153046766
162526161
100727639
86788644
138834670
153040251
257502251
254069648
199267129
388757586
335118032
162606309
130560193
86749328
16534841
1004890010
77272095
171507115
379725225
403776935
100610603
230166727
909367565
157210780
408519556
184148465
107620863
455948252
124263957
142663403
478697849
195883252
215584294
29804410
151882782
158657727
847155521
403659586
171860536
169477784
401563300
333351042
186041690
109500318
88809428
99775956
235844683
101664276
97579796
156527346
104795369
180943092
178899005
94315280
88088188
157381451
234799129
104048508
74886629
149616040
58614954
295558029
442899563
118448040
449512066
112054161
315545652
100594231
127617979
370413686
124122127
280609726
299099808
303302928
144894676
81238920
368143638
44271847
198142660
91806728
206712276
1024641435
222796957
171586322
113569914
336831818
97536011
115698973
143693439
154215694
195786928
128094644
12361502
166000263
220067685
204663275
108585217
186444328
173464399
150522934
112464920
225530978
161619167
174988578
89454452
307907608
208985650
10675351
87012348
124198171
330268363
102351335
300508635
157413994
44696302
245599708
232157927
108548072
113392656
196514996
147357732
205090127
874336381
173632745
153426230
148009786
125730220
136343949
176600109
87028333
150234314
114213950
429836346
87037872
148180390
420553328
86809403
208933920
65670123
359218067
214814429
877533342
865400941
107374015
147474338
174822398
171494174
104949056
149584490
89117038
89457778
170789660
93937549
335830556
77419686
102159615
309350182
184356300
96548980
235322645
85535396
125845797
186299149
110837826
138123883
145796829
136658824
408741355
115652672
173649193
403339385
842673666
210930826
138809943
147758071
15272141
89878302
126053126
144286396
170032240
185182918
172574867
92197789
130637302
103910993
101923099
210802903
117292606
129095677
134829700
190339581
398410583
124339227
242299351
317161751
250011279
192901942
257622091
127709939
292921272
448521866
406646729
54021740
124338088
136808697
181065352
101848794
401741361
334952237
165162487
117415894
310738768
33388894
127560662
143033792
24270359
225599290
153148211
144484269
59796728
173666341
156627424
126482026
196927793
199393374
111060603
163309482
166275346
83203901
170691507
325557124
153831783
105920571
100704208
193923416
362926749
126916906
152960698
450543182
47979362
196331985
34342691
200347980
317536870
109144762
168583656
145045567
162917900
148921436
107797883
311092909
135034805
316204453
427094731
94515137
137257185
234475321
331941774
8084237
173934668
378326319
112552914
215236859
240555541
322587079
427767279
382159757
349022559
31395067
119968029
86770710
3231124
974698703
999920979
183785973
335919403
173006905
190128156
203484156
263721816
174032933
387946265
47783235
153426387
154720552
326960562
322889181
150072601
66649522
87603340
457918048
151621494
864629893
103179799
1010032943
400240081
412192294
119056586
114826722
154224189
292688807
144744919
236730165
142890626
111191605
314043720
391298128
192417037
32995405
150669704
93457544
143372777
900732337
107464477
198153117
187560571
198892556
86818416
100766760
295678527
144455655
161885167
118387011
123492938
27738470
147465031
57360354
107679190
84234671
88802278
223595343
244860373
412413765
136331700
374902886
167781922
197733836
79300418
187517827
206233596
221461259
202991798
137376425
1187072555
360186272
177184147
171465382
324045303
400285448
196147189
193193908
355921994
857982818
131909796
206474071
86864756
138320678
4987665
160154930
1041853957
153111229
198783071
845179253
167798897
313553877
124057550
170711696
178381776
155165711
315667352
126188066
259096875
183719386
301784549
120293183
171212795
851138303
162959893
4254120
281296990
244013012
144222745
325697153
118159040
44860301
380055514
254049656
168089239
470426363
199726909
247443735
114854945
115940015
230053571
317163545
56351509
58028613
76818040
215802757
111915620
171549728
117268636
431582504
404313308
178290803
179138523
150565472
971001902
224205626
352623024
193277354
857558792
131529880
104095052
148178019
878895397
78114010
245574127
236778891
357746219
207299604
355936112
898261247
260241404
329076418
86289795
361187378
100950273
165178538
55555105
102070991
396503036
176350265
139113636
146711951
131457744
100372251
136769121
854015717
186386325
840473404
123593856
85791530
112334106
143037666
139035564
215496758
105842088
91610743
159031457
388905349
139812671
116315292
157964311
181092754
39751360
26025970
439355714
906557759
383809153
116370874
184356690
170693921
168674735
105462150
1020723517
82594921
176967040
200426672
133381883
74559062
123953528
66218131
134995102
1217690000
120114638
213250243
163668785
49659538
86889514
124781406
25907144
166436385
139301882
91583948
115310210
2820590
128851638
342638633
46942490
400929020
440437547
240778834
148391765
141878664
488628155
84261060
247548396
52233682
87014895
126235161
219828287
241761907
152326812
408779056
113930037
211680345
266525664
140747062
107533674
137049017
74570225
90235583
974134446
41486708
164827816
162264392
326783164
1008756218
70209314
452699582
42748212
206716141
129875702
100057250
194690385
164039679
476121395
189177843
292814999
139080317
242672017
302478048
113347955
362540669
847051
236692621
99119504
154132195
98347512
878898284
325153673
205635662
102331683
118444452
380082181
440919875
130763935
103853855
463584954
221287298
82784817
436121203
153902646
216560115
274623752
114705756
29613887
121469108
187725714
199599632
247454817
46132902
361371668
164716577
173317772
227864281
95814761
136333248
119579960
78235813
886313579
287028344
295214851
161954927
42550132
251096769
198527384
61348472
121374057
145702009
38341107
430939666
174838815
225386642
350849811
147975959
333351234
321360663
301170786
245602176
194560385
61134408
141768404
113711293
28522000
1036648342
123013416
112560742
110190666
171960820
130958327
272942044
62776201
220754095
212775046
412485046
376470125
163331449
171215205
169440429
141544241
62052591
425361777
478058011
81855437
170884855
137095940
320447348
297434529
149329440
84379306
124102828
153515895
86761616
197571351
840644411
72558860
838101713
374055558
115713266
861154499
461498006
120692750
205538501
303449532
164497018
175047341
252892901
130194095
189295697
171051222
138543123
113995822
195225621
80553765
101695162
235395375
132386596
390815088
187977574
195514968
177092026
139159563
70388657
289391160
147355064
217807147
156842494
140827313
40074640
299385331
847831486
163764783
296284801
861290905
113817823
181790913
104423095
247083403
97658618
300739551
110904371
91905747
417868730
285148670
342919018
177253643
429172338
109728492
197273949
1094153837
322237561
113373612
255845645
132478787
130025096
253875177
285100046
237040923
129069435
153836240
160506003
859613702
293894997
113411801
170219748
345454317
141031698
172739956
384825345
90458459
39171078
29481293
164003422
32431466
960181296
101086171
82440204
76076867
126976402
109288835
300174807
320373760
912586478
216891967
124058154
330300082
124936122
152763828
126339208
867195492
237684398
377777209
69282131
189572071
349636016
145133461
97067110
248201848
106075951
176135170
176902957
127276902
153659917
403882990
177376034
226145427
215947911
114276469
22791218
406088118
93404777
312051473
22265791
162584180
896098271
101407005
111021625
120339316
63177365
207955578
93196203
465031214
362041571
251520204
158391640
412104270
156218846
241876431
145073935
300270158
104002089
124994627
153227497
898771669
117613241
197684516
481619842
257737737
382066029
901184013
234403433
138534813
316289318
134817939
296702734
153647717
433675727
103553268
146332305
157119741
121085933
123279105
1111142938
167656017
229193871
51447355
93899626
181661363
101304415
173012095
907381070
340034675
196197799
249024220
862479038
124615056
191104040
208845359
129475245
139294908
75197521
257757413
120053717
896788558
129516636
101436207
128532835
98227074
174135554
82957459
151429194
163474115
183570962
201268845
71575492
86359287
113021576
301594065
205041573
906283566
193297923
118392462
154109410
75916784
185378475
881532225
158981486
310903620
993389373
98837736
126779227
46485316
171384859
408729743
250788371
185015130
393662348
296449170
123670489
178956847
162710111
203843297
116832589
1155892713
17763024
36977735
125013970
152073562
200921882
111918244
58398526
86781168
143278997
204024746
196887949
136650250
1073478233
128850325
56007293
162485501
149049398
59218340
93522219
114386596
175739223
310905005
83856856
115815835
301750126
1060715929
238510245
207868573
74809744
1211891578
242873830
48049284
128117721
104376371
86638311
202247530
101572549
174902115
199812557
100758751
81925267
133214216
19589029
322621089
147754893
398820181
137971833
136829091
